33,117
34,12
33,116
33,115
61,36
61,35
10,82
10,130
10,208
10,6
10,292
10,234
10,2
10,3
11,11
11,30
11,19
11,16
11,25
11,7
11,1
11,4
11,2
11,3
9,7
9,6
9,1
9,4
9,2
9,3
8,9
8,17
8,5
8,12
8,15
8,1
8,8
8,2
8,3
12,2
12,1
12,3
20,2
20,1
20,3
19,2
19,1
19,3
53,3
53,2
53,1
53,0
35,17
35,16
35,15
35,14
35,13
35,12
35,11
35,10
35,9
35,1
35,8
34,8
34,7
34,1
34,6
33,108
33,107
33,106
33,105
33,104
33,103
33,102
33,101
33,100
33,99
33,97
33,96
33,95
33,94
33,93
33,92
33,91
33,90
33,89
33,88
33,87
33,86
33,85
33,84
33,83
33,82
33,81
33,80
33,79
33,78
33,77
33,76
33,75
33,74
33,73
33,72
33,71
33,70
33,69
33,68
33,67
33,66
33,65
33,64
33,39
33,38
33,37
33,36
33,35
33,34
33,33
33,32
33,31
33,30
33,29
33,28
33,27
33,26
18,1
33,25
33,24
33,23
33,22
33,21
18,3
33,20
33,19
33,18
14,1
31,1
14,4
31,4
14,3
27,5
